% 2016 12 23  Far-field array phone locations

A = [
3	0.6	0.13	0
2	0.94	0.13	0
1	1.31	0.13	0
7	1.92	0.12	0
6	2.37	0.115	0
4	3.05	0.125	0
5	1.13	-0.73	0
8	1.11	0.73	0];

mic_num = A(:,1);
mic_loc = A(:,2:4);

